$ANSIBLE_VAULT;1.1;AES256
36343862666662303935643433663636343163393638633933323264636636386364623730356331
3665303037323330376562333265363062366139616333640a613366353631663830626130623633
34643265663436306437313364373634623531366564623265633630626261653039653434323730
3236343739636638330a613966613837643964613330633531313731323836623132393935633738
36393337616161643631343636383833633838373930316139666366653666636338363563313463
34653835376237383936363262626534623638313766616666626563613538383066386366623466
66393461306336363666363864366639383261333238623931636562383835366561383564323737
61633834333538613266396563636666306461623239616230666632366232363438353734636332
65633464663264636134303136313339613637623661333139343034333764666465333166303434
61333232313364643934386135623034653665663562343037383235306336623239633332396539
62323866356639653234626131333032376433653864393561353633623135343035313666306366
35383465343662616536383037623331313461613030633066623330663436643535633462663461
36353130646366336661343962633332353462633064363562313737323362303065323163646264
35396534366530303366613164663863613832386365383963373164343965643137333635363538
34626163366162656130313036396232316130356235303333393864313231323538323466393838
38646365323631323939616438633839623462376339383466313166346633656538363663343032
36643966393535626538313137613939346566366663643434656464326464646535656436363330
63636661616266386535623033626433383730343633306238343139613132396633393366633235
65326236353636613162663261663538393736646432306266336336666130356266366531303233
64326232653432363032623337653461366133303433306561663862333462646435663237386437
66653935316265333633633164616461353532363635633338396165626539363538656439623836
30653632326638646538386531646665373839303263343862613733646330616334373238343363
36623738643664376566633463623037353533356634323433636435323463336639343139656466
31353536666232333237633463643061333632356439663834643539376130393561643064326133
63636261656539393938366130376332646566613630623738323833656330383265
