$ANSIBLE_VAULT;1.1;AES256
38326164313936366334646530616135376565366135373934373733653834663534346238663561
6433373739393231326564323466346533643035666562360a336563653332353564643538353737
34653837373239366131396535323963303831643339333038336364393464353666303664623738
3039373363643666650a656232353062303963633461366366626130643536623766383233663865
63663932346164333735363838633663393939363462363637303766383534323838313235633465
34303062313733633763613531666430666631613130313837616433656363656361313830656630
35613762643332653665376435626539313136653633396334366636376261356632393730316533
65336661373531663538313534646134323438303837393735643931333133343262346266316238
66353530663632363136386362323731663834316561333632653662346265623432656637373035
63373661303631366137363963643962386164613739303264616537366533313930353664623339
38633165376336633835333661313535646266636637303533656334306532333138626139306338
65333234316532363635323134313132306439643366306135616639613938643432346633336337
32373262353131633232393337393066336538383830653066613364663830336461326263373839
66326265316336656336356363373234646530366564353930316264383637316630353039316139
62613332396135616662666638623439356339373764396165306564393336656464346333653165
35613663313762666330303463336363336633303535353430326434386665366633653162316638
34626232393635356333386164326461346464366635366631623133396238353237316130383239
32633764663331346331373238363038613634626333373164633962333661343739346562616137
39656238353031393132663938653233343064663330623362643034663231636366336538346636
32336639376261346337326563643462313736653763323038666430616632353432386439626237
63396234363939353038346437376636306639323930373364653863343131663337653536636261
31393037393361613865616565303233663261376261373937366237316462653631393861363239
61316435363132663133333039316265653135643836623733643837313162313936376431646631
37373833396639646532656166613865343432363366376162396236636238373736313961613137
33393765343833616539343031363765663364333235363033616338376265343530343961346136
35613734616332643163663865333666373362353866636562373836313338666638303837393562
31396162333534363834303465323433626230393665383732363634343238646635383465363334
61383563386636386634383363323533326163643238653364636363343936303363333266386466
36643331393565633436363435623031636363376338306135363863383839366364306639393766
36656433323031616432323633623164613065353736376335623064613861626463373136326534
61633034383365613464363734316266326364386662373765636337643238336630626532396133
62653539326233633533656463396631656134356132306433663135616435336565663635326231
64663938306230393238393662313636343962353766363431373965616236643463386266343663
31636332343237336465636339316136663531313939663034386231336661306165353132323263
66336364306536623733343566663061363634363761346632353237313034333630656134303761
36616565623161643633643635626330656466373835393734643531376330323437613265383466
65306664386165333336303066333539363831623137663263323138303762306262383464373531
65646230333337623834343339333439643464393864336263623233356335363834633033306665
343266343962666537343534313532623034
